
[INFO] [1566370014.885089]: linear: 
  x: 401646.525926
  y: 3400893.85432
  z: 0.0
angular: 
  x: 0.0
  y: 0.0
  z: 64.88993

